GentleBoost Accuracy56.000000
56.000000
46.000000
56.000000
57.000000
56.000000
55.000000
37.000000
Mean Squared Error48.000000
46.000000
49.000000
49.000000
49.000000
48.000000
49.000000
RMSE48.000000
46.000000
51.000000
51.000000
51.000000
49.000000
57.000000
MAE48.000000
46.000000
49.000000
49.000000
49.000000
48.000000
49.000000
R² Score48.000000
46.000000
53.000000
53.000000
53.000000
57.000000
51.000000
GentleBoost Accuracy56.000000
56.000000
46.000000
56.000000
57.000000
56.000000
55.000000
37.000000
Mean Squared Error48.000000
46.000000
49.000000
49.000000
49.000000
48.000000
49.000000
RMSE48.000000
46.000000
51.000000
51.000000
51.000000
49.000000
57.000000
MAE48.000000
46.000000
49.000000
49.000000
49.000000
48.000000
49.000000
R² Score48.000000
46.000000
53.000000
53.000000
53.000000
57.000000
51.000000
GentleBoost Accuracy78.000000
97.000000
78.000000
37.000000
Mean Squared Error50.000000
49.000000
46.000000
52.000000
49.000000
54.000000
57.000000
RMSE52.000000
46.000000
54.000000
50.000000
55.000000
56.000000
MAE51.000000
46.000000
50.000000
48.000000
53.000000
R² Score48.000000
46.000000
57.000000
51.000000
56.000000
53.000000
GentleBoost Accuracy78.000000
97.000000
78.000000
37.000000
Mean Squared Error50.000000
48.000000
46.000000
55.000000
48.000000
50.000000
RMSE52.000000
46.000000
53.000000
52.000000
57.000000
57.000000
MAE51.000000
46.000000
49.000000
56.000000
51.000000
56.000000
R² Score48.000000
46.000000
57.000000
52.000000
50.000000
50.000000
54.000000
