Binary Labels for Energy Efficiency (1 = high):78.000000
117.000000
109.000000
98.000000
101.000000
114.000000
32.000000
111.000000
102.000000
32.000000
110.000000
111.000000
100.000000
101.000000
115.000000
32.000000
99.000000
108.000000
97.000000
115.000000
115.000000
105.000000
102.000000
105.000000
101.000000
100.000000
32.000000
97.000000
115.000000
32.000000
104.000000
105.000000
103.000000
104.000000
32.000000
101.000000
110.000000
101.000000
114.000000
103.000000
121.000000
32.000000
40.000000
49.000000
41.000000
58.000000
32.000000
37.000000
100.000000
92.000000
110.000000
65535.000000
Binary Labels for Energy Efficiency (0 = low):78.000000
117.000000
109.000000
98.000000
101.000000
114.000000
32.000000
111.000000
102.000000
32.000000
110.000000
111.000000
100.000000
101.000000
115.000000
32.000000
99.000000
108.000000
97.000000
115.000000
115.000000
105.000000
102.000000
105.000000
101.000000
100.000000
32.000000
97.000000
115.000000
32.000000
108.000000
111.000000
119.000000
32.000000
101.000000
110.000000
101.000000
114.000000
103.000000
121.000000
32.000000
40.000000
48.000000
41.000000
58.000000
32.000000
37.000000
100.000000
92.000000
110.000000
65535.000000
Binary Labels for Energy Efficiency (1 = high):78.000000
117.000000
109.000000
98.000000
101.000000
114.000000
32.000000
111.000000
102.000000
32.000000
110.000000
111.000000
100.000000
101.000000
115.000000
32.000000
99.000000
108.000000
97.000000
115.000000
115.000000
105.000000
102.000000
105.000000
101.000000
100.000000
32.000000
97.000000
115.000000
32.000000
104.000000
105.000000
103.000000
104.000000
32.000000
101.000000
110.000000
101.000000
114.000000
103.000000
121.000000
32.000000
40.000000
49.000000
41.000000
58.000000
32.000000
37.000000
100.000000
92.000000
110.000000
65535.000000
Binary Labels for Energy Efficiency (0 = low):78.000000
117.000000
109.000000
98.000000
101.000000
114.000000
32.000000
111.000000
102.000000
32.000000
110.000000
111.000000
100.000000
101.000000
115.000000
32.000000
99.000000
108.000000
97.000000
115.000000
115.000000
105.000000
102.000000
105.000000
101.000000
100.000000
32.000000
97.000000
115.000000
32.000000
108.000000
111.000000
119.000000
32.000000
101.000000
110.000000
101.000000
114.000000
103.000000
121.000000
32.000000
40.000000
48.000000
41.000000
58.000000
32.000000
37.000000
100.000000
92.000000
110.000000
65535.000000
Binary Labels for Energy Efficiency (1 = high):78.000000
117.000000
109.000000
98.000000
101.000000
114.000000
32.000000
111.000000
102.000000
32.000000
110.000000
111.000000
100.000000
101.000000
115.000000
32.000000
99.000000
108.000000
97.000000
115.000000
115.000000
105.000000
102.000000
105.000000
101.000000
100.000000
32.000000
97.000000
115.000000
32.000000
104.000000
105.000000
103.000000
104.000000
32.000000
101.000000
110.000000
101.000000
114.000000
103.000000
121.000000
32.000000
40.000000
49.000000
41.000000
58.000000
32.000000
37.000000
100.000000
92.000000
110.000000
65535.000000
Binary Labels for Energy Efficiency (0 = low):78.000000
117.000000
109.000000
98.000000
101.000000
114.000000
32.000000
111.000000
102.000000
32.000000
110.000000
111.000000
100.000000
101.000000
115.000000
32.000000
99.000000
108.000000
97.000000
115.000000
115.000000
105.000000
102.000000
105.000000
101.000000
100.000000
32.000000
97.000000
115.000000
32.000000
108.000000
111.000000
119.000000
32.000000
101.000000
110.000000
101.000000
114.000000
103.000000
121.000000
32.000000
40.000000
48.000000
41.000000
58.000000
32.000000
37.000000
100.000000
92.000000
110.000000
65535.000000
Binary Labels for Energy Efficiency (1 = high):78.000000
117.000000
109.000000
98.000000
101.000000
114.000000
32.000000
111.000000
102.000000
32.000000
110.000000
111.000000
100.000000
101.000000
115.000000
32.000000
99.000000
108.000000
97.000000
115.000000
115.000000
105.000000
102.000000
105.000000
101.000000
100.000000
32.000000
97.000000
115.000000
32.000000
104.000000
105.000000
103.000000
104.000000
32.000000
101.000000
110.000000
101.000000
114.000000
103.000000
121.000000
32.000000
40.000000
49.000000
41.000000
58.000000
32.000000
37.000000
100.000000
92.000000
110.000000
65535.000000
Binary Labels for Energy Efficiency (0 = low):78.000000
117.000000
109.000000
98.000000
101.000000
114.000000
32.000000
111.000000
102.000000
32.000000
110.000000
111.000000
100.000000
101.000000
115.000000
32.000000
99.000000
108.000000
97.000000
115.000000
115.000000
105.000000
102.000000
105.000000
101.000000
100.000000
32.000000
97.000000
115.000000
32.000000
108.000000
111.000000
119.000000
32.000000
101.000000
110.000000
101.000000
114.000000
103.000000
121.000000
32.000000
40.000000
48.000000
41.000000
58.000000
32.000000
37.000000
100.000000
92.000000
110.000000
65535.000000
Binary Labels for Energy Efficiency (1 = high):78.000000
117.000000
109.000000
98.000000
101.000000
114.000000
32.000000
111.000000
102.000000
32.000000
110.000000
111.000000
100.000000
101.000000
115.000000
32.000000
99.000000
108.000000
97.000000
115.000000
115.000000
105.000000
102.000000
105.000000
101.000000
100.000000
32.000000
97.000000
115.000000
32.000000
104.000000
105.000000
103.000000
104.000000
32.000000
101.000000
110.000000
101.000000
114.000000
103.000000
121.000000
32.000000
40.000000
49.000000
41.000000
58.000000
32.000000
37.000000
100.000000
92.000000
110.000000
65535.000000
Binary Labels for Energy Efficiency (0 = low):78.000000
117.000000
109.000000
98.000000
101.000000
114.000000
32.000000
111.000000
102.000000
32.000000
110.000000
111.000000
100.000000
101.000000
115.000000
32.000000
99.000000
108.000000
97.000000
115.000000
115.000000
105.000000
102.000000
105.000000
101.000000
100.000000
32.000000
97.000000
115.000000
32.000000
108.000000
111.000000
119.000000
32.000000
101.000000
110.000000
101.000000
114.000000
103.000000
121.000000
32.000000
40.000000
48.000000
41.000000
58.000000
32.000000
37.000000
100.000000
92.000000
110.000000
65535.000000
